# Alice Model File Format 1.0
# the python starts here
from string import split
def LoadGeometry(self, name):
	try:
		self._LoadVerticesAndFaces(name)
	except:
		ReportError(name+":  Mesh load failed.")

def ReportError(sError):
	global errorfile
	try:
		errorfile.write("Error:  " + sError + "\n")
	except:
		errorfile = open(Alice.HomeDir+"Errors.txt","w")
		errorfile.write("Error:  " + sError + "\n")
	print "Error:  " + sError + "\n"

def _MakeObject (ConstructFunc, Parent, Name, StoringScene):
	if StoringScene:
		return ConstructFunc(Parent=Parent, Name=Name)
	else:
		if Parent:
			EndOfName = "."+split(name,".")[-1]
			return ConstructFunc(Parent=Parent, Name=EndOfName)
		else:
			return ConstructFunc(Name=Name)

Scooter = _MakeObject(MakeObject, None, "Scooter", StoringScene=0)
Scooter.SetTexture("Scooter.bmp", ObjectOnly, RightNow)
Scooter.SetColor(White,ObjectOnly,rightnow)
Scooter.SetShininess(0.0,ObjectOnly,rightnow)
Scooter.SetHighLightColor(Black,ObjectOnly,rightnow)
Scooter.SetEmissiveColor(Black,ObjectOnly,rightnow)
Scooter.SetLightingStyle(Unlit, ObjectOnly, RightNow)
Scooter.SetFillingStyle(Filled, ObjectOnly, RightNow)
Scooter.SetShadingStyle(Smooth, ObjectOnly, RightNow)
Scooter.BecomeFirstClass(RightNow)
Scooter._SetLocalTransformation (((1.0, -9.15470414184e-015, 7.6311286179e-009, 0.0), (4.34861844681e-015, 1.0, 7.77082764184e-015, 0.0), (-3.47027628855e-010, 1.01600441588e-014, 0.999999940395, 0.0), (-4.22448141391e-023, 0.390000015497, 5.03810119196e-023, 1.0)))
LoadGeometry(Scooter,"Scooter.vfb")
Scooter.Ring = _MakeObject(MakeObject, Scooter, "Scooter.Ring", StoringScene=0)
Scooter.Ring.SetTexture("Scooter.bmp", ObjectOnly, RightNow)
Scooter.Ring.SetColor(White,ObjectOnly,rightnow)
Scooter.Ring.SetShininess(0.0,ObjectOnly,rightnow)
Scooter.Ring.SetHighLightColor(Black,ObjectOnly,rightnow)
Scooter.Ring.SetEmissiveColor(Black,ObjectOnly,rightnow)
Scooter.Ring.SetLightingStyle(Lit, ObjectOnly, RightNow)
Scooter.Ring.SetFillingStyle(Filled, ObjectOnly, RightNow)
Scooter.Ring.SetShadingStyle(Smooth, ObjectOnly, RightNow)
Scooter.Ring.BecomePart(RightNow)
Scooter.Ring._SetLocalTransformation (((1.0, 2.18730181921e-021, -8.24134343262e-015, 0.0), (-2.09521178748e-022, 1.0, -1.64625283941e-023, 0.0), (4.70358242643e-015, -6.37556222396e-022, 1.0, 0.0), (-4.34861884386e-017, 0.00999999977648, -7.77082848888e-017, 1.0)))
LoadGeometry(Scooter.Ring,"Scooter.Ring.vfb")
Scooter.RightFloor = _MakeObject(MakeObject, Scooter, "Scooter.RightFloor", StoringScene=0)
Scooter.RightFloor.SetTexture("Scooter.bmp", ObjectOnly, RightNow)
Scooter.RightFloor.SetColor(White,ObjectOnly,rightnow)
Scooter.RightFloor.SetShininess(0.0,ObjectOnly,rightnow)
Scooter.RightFloor.SetHighLightColor(Black,ObjectOnly,rightnow)
Scooter.RightFloor.SetEmissiveColor(Black,ObjectOnly,rightnow)
Scooter.RightFloor.SetLightingStyle(Lit, ObjectOnly, RightNow)
Scooter.RightFloor.SetFillingStyle(Filled, ObjectOnly, RightNow)
Scooter.RightFloor.SetShadingStyle(Smooth, ObjectOnly, RightNow)
Scooter.RightFloor.BecomePart(RightNow)
Scooter.RightFloor._SetLocalTransformation (((1.0, 2.18730181921e-021, -8.24134343262e-015, 0.0), (-2.09521178748e-022, 1.0, -1.64625283941e-023, 0.0), (4.70358242643e-015, -6.37556222396e-022, 1.0, 0.0), (-4.34861884386e-017, 0.00999999977648, -7.77082848888e-017, 1.0)))
LoadGeometry(Scooter.RightFloor,"Scooter.RightFloor.vfb")
Scooter.TailPipe = _MakeObject(MakeObject, Scooter, "Scooter.TailPipe", StoringScene=0)
Scooter.TailPipe.SetTexture("Scooter.bmp", ObjectOnly, RightNow)
Scooter.TailPipe.SetColor(White,ObjectOnly,rightnow)
Scooter.TailPipe.SetShininess(0.0,ObjectOnly,rightnow)
Scooter.TailPipe.SetHighLightColor(Black,ObjectOnly,rightnow)
Scooter.TailPipe.SetEmissiveColor(Black,ObjectOnly,rightnow)
Scooter.TailPipe.SetLightingStyle(Lit, ObjectOnly, RightNow)
Scooter.TailPipe.SetFillingStyle(Filled, ObjectOnly, RightNow)
Scooter.TailPipe.SetShadingStyle(Smooth, ObjectOnly, RightNow)
Scooter.TailPipe.BecomePart(RightNow)
Scooter.TailPipe._SetLocalTransformation (((1.0, 2.18730181921e-021, -8.24134343262e-015, 0.0), (-2.09521178748e-022, 1.0, -1.64625283941e-023, 0.0), (4.70358242643e-015, -6.37556222396e-022, 1.0, 0.0), (-1.37689140089e-008, -0.0500000007451, -0.499991714954, 1.0)))
LoadGeometry(Scooter.TailPipe,"Scooter.TailPipe.vfb")
Scooter.TailPipe.RightWheel = _MakeObject(MakeObject, Scooter.TailPipe, "Scooter.TailPipe.RightWheel", StoringScene=0)
Scooter.TailPipe.RightWheel.SetTexture("Scooter.bmp", ObjectOnly, RightNow)
Scooter.TailPipe.RightWheel.SetColor(White,ObjectOnly,rightnow)
Scooter.TailPipe.RightWheel.SetShininess(0.0,ObjectOnly,rightnow)
Scooter.TailPipe.RightWheel.SetHighLightColor(Black,ObjectOnly,rightnow)
Scooter.TailPipe.RightWheel.SetEmissiveColor(Black,ObjectOnly,rightnow)
Scooter.TailPipe.RightWheel.SetLightingStyle(Lit, ObjectOnly, RightNow)
Scooter.TailPipe.RightWheel.SetFillingStyle(Filled, ObjectOnly, RightNow)
Scooter.TailPipe.RightWheel.SetShadingStyle(Smooth, ObjectOnly, RightNow)
Scooter.TailPipe.RightWheel.BecomePart(RightNow)
Scooter.TailPipe.RightWheel._SetLocalTransformation (((1.0, 2.18730202116e-021, -7.93008592955e-015, 0.0), (-2.09521178748e-022, 1.0, 4.4672256527e-022, 0.0), (4.54809597644e-015, -1.48460330604e-021, 1.0, 0.0), (-0.139997631311, -0.189999997616, 0.0, 1.0)))
LoadGeometry(Scooter.TailPipe.RightWheel,"Scooter.TailPipe.RightWheel.vfb")
Scooter.TailPipe.LeftWheel = _MakeObject(MakeObject, Scooter.TailPipe, "Scooter.TailPipe.LeftWheel", StoringScene=0)
Scooter.TailPipe.LeftWheel.SetTexture("Scooter.bmp", ObjectOnly, RightNow)
Scooter.TailPipe.LeftWheel.SetColor(White,ObjectOnly,rightnow)
Scooter.TailPipe.LeftWheel.SetShininess(0.0,ObjectOnly,rightnow)
Scooter.TailPipe.LeftWheel.SetHighLightColor(Black,ObjectOnly,rightnow)
Scooter.TailPipe.LeftWheel.SetEmissiveColor(Black,ObjectOnly,rightnow)
Scooter.TailPipe.LeftWheel.SetLightingStyle(Lit, ObjectOnly, RightNow)
Scooter.TailPipe.LeftWheel.SetFillingStyle(Filled, ObjectOnly, RightNow)
Scooter.TailPipe.LeftWheel.SetShadingStyle(Smooth, ObjectOnly, RightNow)
Scooter.TailPipe.LeftWheel.BecomePart(RightNow)
Scooter.TailPipe.LeftWheel._SetLocalTransformation (((1.0, 2.18730202116e-021, -7.93008592955e-015, 0.0), (-2.09521178748e-022, 1.0, 4.4672256527e-022, 0.0), (4.54809597644e-015, -1.48460330604e-021, 1.0, 0.0), (0.139997631311, -0.189999997616, 0.0, 1.0)))
LoadGeometry(Scooter.TailPipe.LeftWheel,"Scooter.TailPipe.LeftWheel.vfb")
Scooter.TailPipe.TailPipe = _MakeObject(MakeObject, Scooter.TailPipe, "Scooter.TailPipe.TailPipe", StoringScene=0)
Scooter.TailPipe.TailPipe.SetTexture("Scooter.bmp", ObjectOnly, RightNow)
Scooter.TailPipe.TailPipe.SetColor(White,ObjectOnly,rightnow)
Scooter.TailPipe.TailPipe.SetShininess(0.0,ObjectOnly,rightnow)
Scooter.TailPipe.TailPipe.SetHighLightColor(Black,ObjectOnly,rightnow)
Scooter.TailPipe.TailPipe.SetEmissiveColor(Black,ObjectOnly,rightnow)
Scooter.TailPipe.TailPipe.SetLightingStyle(Lit, ObjectOnly, RightNow)
Scooter.TailPipe.TailPipe.SetFillingStyle(Filled, ObjectOnly, RightNow)
Scooter.TailPipe.TailPipe.SetShadingStyle(Smooth, ObjectOnly, RightNow)
Scooter.TailPipe.TailPipe.BecomePart(RightNow)
Scooter.TailPipe.TailPipe._SetLocalTransformation (((1.0, 2.18730202116e-021, -7.93008592955e-015, 0.0), (-2.09521178748e-022, 1.0, 4.4672256527e-022, 0.0), (4.54809597644e-015, -1.48460330604e-021, 1.0, 0.0), (2.81149886358e-015, 0.0, 0.0, 1.0)))
LoadGeometry(Scooter.TailPipe.TailPipe,"Scooter.TailPipe.TailPipe.vfb")
Scooter.Shaft = _MakeObject(MakeObject, Scooter, "Scooter.Shaft", StoringScene=0)
Scooter.Shaft.SetTexture("Scooter.bmp", ObjectOnly, RightNow)
Scooter.Shaft.SetColor(White,ObjectOnly,rightnow)
Scooter.Shaft.SetShininess(0.0,ObjectOnly,rightnow)
Scooter.Shaft.SetHighLightColor(Black,ObjectOnly,rightnow)
Scooter.Shaft.SetEmissiveColor(Black,ObjectOnly,rightnow)
Scooter.Shaft.SetLightingStyle(Lit, ObjectOnly, RightNow)
Scooter.Shaft.SetFillingStyle(Filled, ObjectOnly, RightNow)
Scooter.Shaft.SetShadingStyle(Smooth, ObjectOnly, RightNow)
Scooter.Shaft.BecomePart(RightNow)
Scooter.Shaft._SetLocalTransformation (((1.0, 2.18730181921e-021, -8.24134343262e-015, 0.0), (-2.09521178748e-022, 1.0, -1.64625283941e-023, 0.0), (4.70358242643e-015, -6.37556222396e-022, 1.0, 0.0), (2.24813294595e-037, -4.48415508584e-044, 0.0, 1.0)))
LoadGeometry(Scooter.Shaft,"Scooter.Shaft.vfb")
Scooter.Shaft.RightGrip = _MakeObject(MakeObject, Scooter.Shaft, "Scooter.Shaft.RightGrip", StoringScene=0)
Scooter.Shaft.RightGrip.SetTexture("Scooter.bmp", ObjectOnly, RightNow)
Scooter.Shaft.RightGrip.SetColor(White,ObjectOnly,rightnow)
Scooter.Shaft.RightGrip.SetShininess(0.0,ObjectOnly,rightnow)
Scooter.Shaft.RightGrip.SetHighLightColor(Black,ObjectOnly,rightnow)
Scooter.Shaft.RightGrip.SetEmissiveColor(Black,ObjectOnly,rightnow)
Scooter.Shaft.RightGrip.SetLightingStyle(Lit, ObjectOnly, RightNow)
Scooter.Shaft.RightGrip.SetFillingStyle(Filled, ObjectOnly, RightNow)
Scooter.Shaft.RightGrip.SetShadingStyle(Smooth, ObjectOnly, RightNow)
Scooter.Shaft.RightGrip.BecomePart(RightNow)
Scooter.Shaft.RightGrip._SetLocalTransformation (((1.0, 2.18730202116e-021, -7.93008592955e-015, 0.0), (-2.09521178748e-022, 1.0, 4.4672256527e-022, 0.0), (4.54809597644e-015, -1.48460330604e-021, 1.0, 0.0), (-0.179996967316, 1.25999999046, -0.0299994945526, 1.0)))
LoadGeometry(Scooter.Shaft.RightGrip,"Scooter.Shaft.RightGrip.vfb")
Scooter.Shaft.Shaft = _MakeObject(MakeObject, Scooter.Shaft, "Scooter.Shaft.Shaft", StoringScene=0)
Scooter.Shaft.Shaft.SetTexture("Scooter.bmp", ObjectOnly, RightNow)
Scooter.Shaft.Shaft.SetColor(White,ObjectOnly,rightnow)
Scooter.Shaft.Shaft.SetShininess(0.0,ObjectOnly,rightnow)
Scooter.Shaft.Shaft.SetHighLightColor(Black,ObjectOnly,rightnow)
Scooter.Shaft.Shaft.SetEmissiveColor(Black,ObjectOnly,rightnow)
Scooter.Shaft.Shaft.SetLightingStyle(Lit, ObjectOnly, RightNow)
Scooter.Shaft.Shaft.SetFillingStyle(Filled, ObjectOnly, RightNow)
Scooter.Shaft.Shaft.SetShadingStyle(Smooth, ObjectOnly, RightNow)
Scooter.Shaft.Shaft.BecomePart(RightNow)
Scooter.Shaft.Shaft._SetLocalTransformation (((1.0, 2.18730202116e-021, -7.93008592955e-015, 0.0), (-2.09521178748e-022, 1.0, 4.4672256527e-022, 0.0), (4.54809597644e-015, -1.48460330604e-021, 1.0, 0.0), (-4.34861884386e-017, 0.00999999977648, -7.77082848888e-017, 1.0)))
LoadGeometry(Scooter.Shaft.Shaft,"Scooter.Shaft.Shaft.vfb")
Scooter.Shaft.FrontWheel = _MakeObject(MakeObject, Scooter.Shaft, "Scooter.Shaft.FrontWheel", StoringScene=0)
Scooter.Shaft.FrontWheel.SetTexture("Scooter.bmp", ObjectOnly, RightNow)
Scooter.Shaft.FrontWheel.SetColor(White,ObjectOnly,rightnow)
Scooter.Shaft.FrontWheel.SetShininess(0.0,ObjectOnly,rightnow)
Scooter.Shaft.FrontWheel.SetHighLightColor(Black,ObjectOnly,rightnow)
Scooter.Shaft.FrontWheel.SetEmissiveColor(Black,ObjectOnly,rightnow)
Scooter.Shaft.FrontWheel.SetLightingStyle(Lit, ObjectOnly, RightNow)
Scooter.Shaft.FrontWheel.SetFillingStyle(Filled, ObjectOnly, RightNow)
Scooter.Shaft.FrontWheel.SetShadingStyle(Smooth, ObjectOnly, RightNow)
Scooter.Shaft.FrontWheel.BecomePart(RightNow)
Scooter.Shaft.FrontWheel._SetLocalTransformation (((1.0, 2.18730202116e-021, -7.93008592955e-015, 0.0), (-2.09521178748e-022, 1.0, 4.4672256527e-022, 0.0), (4.54809597644e-015, -1.48460330604e-021, 1.0, 0.0), (1.04366846959e-015, -0.239999994636, 1.86499904909e-015, 1.0)))
LoadGeometry(Scooter.Shaft.FrontWheel,"Scooter.Shaft.FrontWheel.vfb")
Scooter.Shaft.Dash = _MakeObject(MakeObject, Scooter.Shaft, "Scooter.Shaft.Dash", StoringScene=0)
Scooter.Shaft.Dash.SetTexture("Scooter.bmp", ObjectOnly, RightNow)
Scooter.Shaft.Dash.SetColor(White,ObjectOnly,rightnow)
Scooter.Shaft.Dash.SetShininess(0.0,ObjectOnly,rightnow)
Scooter.Shaft.Dash.SetHighLightColor(Black,ObjectOnly,rightnow)
Scooter.Shaft.Dash.SetEmissiveColor(Black,ObjectOnly,rightnow)
Scooter.Shaft.Dash.SetLightingStyle(Lit, ObjectOnly, RightNow)
Scooter.Shaft.Dash.SetFillingStyle(Filled, ObjectOnly, RightNow)
Scooter.Shaft.Dash.SetShadingStyle(Smooth, ObjectOnly, RightNow)
Scooter.Shaft.Dash.BecomePart(RightNow)
Scooter.Shaft.Dash._SetLocalTransformation (((1.0, 2.18730202116e-021, -7.93008592955e-015, 0.0), (-2.09521178748e-022, 1.0, 4.4672256527e-022, 0.0), (4.54809597644e-015, -1.48460330604e-021, 1.0, 0.0), (8.26128998543e-010, 1.30999994278, 0.0299995020032, 1.0)))
LoadGeometry(Scooter.Shaft.Dash,"Scooter.Shaft.Dash.vfb")
Scooter.Shaft.LeftGrip = _MakeObject(MakeObject, Scooter.Shaft, "Scooter.Shaft.LeftGrip", StoringScene=0)
Scooter.Shaft.LeftGrip.SetTexture("Scooter.bmp", ObjectOnly, RightNow)
Scooter.Shaft.LeftGrip.SetColor(White,ObjectOnly,rightnow)
Scooter.Shaft.LeftGrip.SetShininess(0.0,ObjectOnly,rightnow)
Scooter.Shaft.LeftGrip.SetHighLightColor(Black,ObjectOnly,rightnow)
Scooter.Shaft.LeftGrip.SetEmissiveColor(Black,ObjectOnly,rightnow)
Scooter.Shaft.LeftGrip.SetLightingStyle(Lit, ObjectOnly, RightNow)
Scooter.Shaft.LeftGrip.SetFillingStyle(Filled, ObjectOnly, RightNow)
Scooter.Shaft.LeftGrip.SetShadingStyle(Smooth, ObjectOnly, RightNow)
Scooter.Shaft.LeftGrip.BecomePart(RightNow)
Scooter.Shaft.LeftGrip._SetLocalTransformation (((1.0, 2.18730202116e-021, -7.93008592955e-015, 0.0), (-2.09521178748e-022, 1.0, 4.4672256527e-022, 0.0), (4.54809597644e-015, -1.48460330604e-021, 1.0, 0.0), (0.179996967316, 1.25999999046, -0.0299995113164, 1.0)))
LoadGeometry(Scooter.Shaft.LeftGrip,"Scooter.Shaft.LeftGrip.vfb")
Scooter.LeftFloor = _MakeObject(MakeObject, Scooter, "Scooter.LeftFloor", StoringScene=0)
Scooter.LeftFloor.SetTexture("Scooter.bmp", ObjectOnly, RightNow)
Scooter.LeftFloor.SetColor(White,ObjectOnly,rightnow)
Scooter.LeftFloor.SetShininess(0.0,ObjectOnly,rightnow)
Scooter.LeftFloor.SetHighLightColor(Black,ObjectOnly,rightnow)
Scooter.LeftFloor.SetEmissiveColor(Black,ObjectOnly,rightnow)
Scooter.LeftFloor.SetLightingStyle(Lit, ObjectOnly, RightNow)
Scooter.LeftFloor.SetFillingStyle(Filled, ObjectOnly, RightNow)
Scooter.LeftFloor.SetShadingStyle(Smooth, ObjectOnly, RightNow)
Scooter.LeftFloor.BecomePart(RightNow)
Scooter.LeftFloor._SetLocalTransformation (((1.0, 2.18730181921e-021, -8.24134343262e-015, 0.0), (-2.09521178748e-022, 1.0, -1.64625283941e-023, 0.0), (4.70358242643e-015, -6.37556222396e-022, 1.0, 0.0), (-4.34861884386e-017, 0.00999999977648, -7.77082848888e-017, 1.0)))
LoadGeometry(Scooter.LeftFloor,"Scooter.LeftFloor.vfb")
Scooter.Lid = _MakeObject(MakeObject, Scooter, "Scooter.Lid", StoringScene=0)
Scooter.Lid.SetTexture("Scooter.bmp", ObjectOnly, RightNow)
Scooter.Lid.SetColor(White,ObjectOnly,rightnow)
Scooter.Lid.SetShininess(0.0,ObjectOnly,rightnow)
Scooter.Lid.SetHighLightColor(Black,ObjectOnly,rightnow)
Scooter.Lid.SetEmissiveColor(Black,ObjectOnly,rightnow)
Scooter.Lid.SetLightingStyle(Lit, ObjectOnly, RightNow)
Scooter.Lid.SetFillingStyle(Filled, ObjectOnly, RightNow)
Scooter.Lid.SetShadingStyle(Smooth, ObjectOnly, RightNow)
Scooter.Lid.BecomePart(RightNow)
Scooter.Lid._SetLocalTransformation (((1.0, 2.18730181921e-021, -8.24134343262e-015, 0.0), (-2.09521178748e-022, 1.0, -1.64625283941e-023, 0.0), (4.70358242643e-015, -6.37556222396e-022, 1.0, 0.0), (-1.37689148971e-008, 0.180000007153, -0.499991714954, 1.0)))
LoadGeometry(Scooter.Lid,"Scooter.Lid.vfb")
Scooter.Lid.Knob = _MakeObject(MakeObject, Scooter.Lid, "Scooter.Lid.Knob", StoringScene=0)
Scooter.Lid.Knob.SetTexture("Scooter.bmp", ObjectOnly, RightNow)
Scooter.Lid.Knob.SetColor(White,ObjectOnly,rightnow)
Scooter.Lid.Knob.SetShininess(0.0,ObjectOnly,rightnow)
Scooter.Lid.Knob.SetHighLightColor(Black,ObjectOnly,rightnow)
Scooter.Lid.Knob.SetEmissiveColor(Black,ObjectOnly,rightnow)
Scooter.Lid.Knob.SetLightingStyle(Lit, ObjectOnly, RightNow)
Scooter.Lid.Knob.SetFillingStyle(Filled, ObjectOnly, RightNow)
Scooter.Lid.Knob.SetShadingStyle(Smooth, ObjectOnly, RightNow)
Scooter.Lid.Knob.BecomePart(RightNow)
Scooter.Lid.Knob._SetLocalTransformation (((1.0, 2.18730202116e-021, -7.93008592955e-015, 0.0), (-2.09521178748e-022, 1.0, 4.4672256527e-022, 0.0), (4.54809597644e-015, -1.48460330604e-021, 1.0, 0.0), (-5.50756196205e-009, 0.0399999916553, -0.199996650219, 1.0)))
LoadGeometry(Scooter.Lid.Knob,"Scooter.Lid.Knob.vfb")
Scooter.Lid.Lid = _MakeObject(MakeObject, Scooter.Lid, "Scooter.Lid.Lid", StoringScene=0)
Scooter.Lid.Lid.SetTexture("Scooter.bmp", ObjectOnly, RightNow)
Scooter.Lid.Lid.SetColor(White,ObjectOnly,rightnow)
Scooter.Lid.Lid.SetShininess(0.0,ObjectOnly,rightnow)
Scooter.Lid.Lid.SetHighLightColor(Black,ObjectOnly,rightnow)
Scooter.Lid.Lid.SetEmissiveColor(Black,ObjectOnly,rightnow)
Scooter.Lid.Lid.SetLightingStyle(Lit, ObjectOnly, RightNow)
Scooter.Lid.Lid.SetFillingStyle(Filled, ObjectOnly, RightNow)
Scooter.Lid.Lid.SetShadingStyle(Smooth, ObjectOnly, RightNow)
Scooter.Lid.Lid.BecomePart(RightNow)
Scooter.Lid.Lid._SetLocalTransformation (((1.0, 2.18730202116e-021, -7.93008592955e-015, 0.0), (-2.09521178748e-022, 1.0, 4.4672256527e-022, 0.0), (4.54809597644e-015, -1.48460330604e-021, 1.0, 0.0), (2.81149844006e-015, 0.0, 0.0, 1.0)))
LoadGeometry(Scooter.Lid.Lid,"Scooter.Lid.Lid.vfb")

print "Finished Loading."
try:
	errorfile.close()
	print "There were errors, see "+Alice.HomeDir+"Errors.txt"
except:
	pass
